Handle Count, Page File Bytes, Virtual Bytes, Working Set
231, 9777152, 4529938432, 19832832
231, 10002432, 4534132736, 19984384
231, 10035200, 4534132736, 20029440
231, 10051584, 4534132736, 20041728
231, 10518528, 4534132736, 20295680
231, 10387456, 4534132736, 20336640
231, 10981376, 4534132736, 20357120
231, 12087296, 4534132736, 20692992
231, 10231808, 4534132736, 20213760
233, 11554816, 4536229888, 20639744
233, 11554816, 4536229888, 20664320
233, 11554816, 4536229888, 20652032
233, 11554816, 4536229888, 20668416
233, 11685888, 4536229888, 20738048
233, 11685888, 4536229888, 20758528
233, 10526720, 4536229888, 20447232
233, 10514432, 4536229888, 20443136
233, 11591680, 4536229888, 20733952
233, 11685888, 4536229888, 20791296
233, 11685888, 4536229888, 20766720
233, 11685888, 4536229888, 20791296
233, 11685888, 4536229888, 20766720
233, 11685888, 4536229888, 20762624
235, 11579392, 4533084160, 20684800
235, 11579392, 4533084160, 20684800
235, 11579392, 4533084160, 20684800
235, 11579392, 4533084160, 20676608
235, 11579392, 4533084160, 20684800
235, 11583488, 4533084160, 20688896
235, 11583488, 4533084160, 20692992
235, 11571200, 4533084160, 20692992
235, 11583488, 4533084160, 20738048
235, 11583488, 4533084160, 20738048
235, 11583488, 4533084160, 20766720
235, 11714560, 4533084160, 20856832
235, 11714560, 4533084160, 20844544
235, 12038144, 4533084160, 20803584
235, 11816960, 4533084160, 20877312
235, 11816960, 4533084160, 20881408
235, 11816960, 4533084160, 20893696
235, 11816960, 4533084160, 20893696
235, 11816960, 4533084160, 20889600
235, 11816960, 4533084160, 20959232
235, 11816960, 4533084160, 20946944
235, 11800576, 4533084160, 20905984
235, 11816960, 4533084160, 20918272
235, 11816960, 4533084160, 20905984
235, 11816960, 4533084160, 20914176
235, 11816960, 4533084160, 20893696
235, 12038144, 4533084160, 21164032
235, 11796480, 4533084160, 20893696
235, 11816960, 4533084160, 20922368
235, 11816960, 4533084160, 20918272
235, 11796480, 4533084160, 20905984
235, 11816960, 4533084160, 20926464
235, 10649600, 4533084160, 20602880
235, 11796480, 4533084160, 20897792
235, 11796480, 4533084160, 20893696
235, 11816960, 4533084160, 20922368
235, 11816960, 4533084160, 20914176
235, 11816960, 4533084160, 20926464
235, 11816960, 4533084160, 20905984
235, 11816960, 4533084160, 20926464
235, 11816960, 4533084160, 20905984
235, 11816960, 4533084160, 20926464
235, 11816960, 4533084160, 20910080
235, 11816960, 4533084160, 20926464
235, 11804672, 4533084160, 20905984
235, 10588160, 4533084160, 20656128
235, 12812288, 4533084160, 21716992
235, 10874880, 4533084160, 20946944
235, 12840960, 4533084160, 22048768
235, 12840960, 4533084160, 21876736
235, 10592256, 4533084160, 20631552
235, 12840960, 4533084160, 22044672
235, 12509184, 4533084160, 21721088
235, 12840960, 4533084160, 21815296
235, 10641408, 4533084160, 20615168
235, 12840960, 4533084160, 21999616
235, 12840960, 4533084160, 21950464
235, 12840960, 4533084160, 21856256
235, 12840960, 4533084160, 22036480
235, 12840960, 4533084160, 21864448
235, 12840960, 4533084160, 21958656
235, 12832768, 4533084160, 21774336
235, 12840960, 4533084160, 21897216
235, 12840960, 4533084160, 21946368
235, 12840960, 4533084160, 21671936
235, 12587008, 4533084160, 21532672
235, 12840960, 4533084160, 22052864
235, 12836864, 4533084160, 22106112
235, 12840960, 4533084160, 21803008
235, 12812288, 4533084160, 21618688
235, 12840960, 4533084160, 22130688
235, 12840960, 4533084160, 22151168
235, 10596352, 4533084160, 20738048
235, 12840960, 4533084160, 21889024
235, 12840960, 4533084160, 21680128
235, 12820480, 4533084160, 21450752
235, 12840960, 4533084160, 21856256
235, 12840960, 4533084160, 21762048
235, 12832768, 4533084160, 21557248
235, 12496896, 4533084160, 21827584
235, 12496896, 4533084160, 21798912
235, 12496896, 4533084160, 21843968
235, 12496896, 4533084160, 21843968
235, 12496896, 4533084160, 21831680
235, 12496896, 4533084160, 21680128
235, 12496896, 4533084160, 21839872
235, 12496896, 4533084160, 21811200
235, 12496896, 4533084160, 21647360
235, 12496896, 4533084160, 21827584
235, 12496896, 4533084160, 21843968
235, 12496896, 4533084160, 21811200
235, 13299712, 4533084160, 21848064
235, 13299712, 4533084160, 21790720
235, 13299712, 4533084160, 21975040
235, 13299712, 4533084160, 21975040
235, 12627968, 4533084160, 21696512
235, 13299712, 4533084160, 21852160
235, 13299712, 4533084160, 21872640
235, 13299712, 4533084160, 21999616
235, 13299712, 4533084160, 21680128
235, 13299712, 4533084160, 21905408
235, 13287424, 4533084160, 21831680
235, 13299712, 4533084160, 21975040
235, 13299712, 4533084160, 22089728
235, 13299712, 4533084160, 21934080
235, 13299712, 4533084160, 21942272
235, 13299712, 4533084160, 21942272
235, 11005952, 4533084160, 21012480
235, 13299712, 4533084160, 22077440
235, 13299712, 4533084160, 22011904
235, 13299712, 4533084160, 22155264
235, 12431360, 4533084160, 21590016
235, 13299712, 4533084160, 22028288
235, 13299712, 4533084160, 21909504
235, 13295616, 4533084160, 21692416
235, 13299712, 4533084160, 21827584
235, 13299712, 4533084160, 21893120
235, 13299712, 4533084160, 21913600
235, 13299712, 4533084160, 21876736
235, 13299712, 4533084160, 22093824
235, 13299712, 4533084160, 22093824
235, 13299712, 4533084160, 21762048
235, 13299712, 4533084160, 21983232
235, 13299712, 4533084160, 21975040
235, 13299712, 4533084160, 21659648
235, 13299712, 4533084160, 21868544
235, 13287424, 4533084160, 21651456
235, 11067392, 4533084160, 21151744
235, 13258752, 4533084160, 21639168
235, 12615680, 4533084160, 21610496
235, 13299712, 4533084160, 21680128
235, 13271040, 4533084160, 21635072
235, 12591104, 4533084160, 21508096
235, 13299712, 4533084160, 21655552
235, 12615680, 4533084160, 21630976
235, 13299712, 4533084160, 21745664
235, 12599296, 4533084160, 21635072
235, 12595200, 4533084160, 21573632
235, 12599296, 4533084160, 21635072
235, 12599296, 4533084160, 21626880
235, 12611584, 4533084160, 21647360
235, 12611584, 4533084160, 21647360
235, 12595200, 4533084160, 21585920
235, 12611584, 4533084160, 21643264
235, 12587008, 4533084160, 21622784
235, 12599296, 4533084160, 21635072
235, 13271040, 4533084160, 21659648
235, 13283328, 4533084160, 21680128
235, 13283328, 4533084160, 21680128
235, 12632064, 4533084160, 21655552
235, 13283328, 4533084160, 21733376
235, 13271040, 4533084160, 21688320
235, 13283328, 4533084160, 21794816
235, 12644352, 4533084160, 21676032
235, 12632064, 4533084160, 21553152
235, 12632064, 4533084160, 21602304
235, 12644352, 4533084160, 21721088
235, 13283328, 4533084160, 21901312
235, 12632064, 4533084160, 21635072
235, 13271040, 4533084160, 21790720
235, 13271040, 4533084160, 21966848
235, 12619776, 4533084160, 21602304
235, 12619776, 4533084160, 21848064
235, 12394496, 4533084160, 21614592
235, 12619776, 4533084160, 21876736
235, 12619776, 4533084160, 21880832
235, 12607488, 4533084160, 21676032
235, 13271040, 4533084160, 21843968
235, 12632064, 4533084160, 21610496
235, 12632064, 4533084160, 21639168
235, 13271040, 4533084160, 21778432
235, 11075584, 4533084160, 21192704
235, 12644352, 4533084160, 21680128
235, 12632064, 4533084160, 21639168
235, 12644352, 4533084160, 21659648
235, 12644352, 4533084160, 21540864
235, 12644352, 4533084160, 21667840
235, 13283328, 4533084160, 21987328
235, 13283328, 4533084160, 22081536
235, 13283328, 4533084160, 22081536
235, 13299712, 4533084160, 21782528
235, 13258752, 4533084160, 21716992
235, 13258752, 4533084160, 21766144
235, 13279232, 4533084160, 21848064
235, 13258752, 4533084160, 21807104
235, 12619776, 4533084160, 21635072
235, 13279232, 4533084160, 21790720
235, 13258752, 4533084160, 21811200
235, 13279232, 4533084160, 21868544
235, 13152256, 4533084160, 21573632
235, 13258752, 4533084160, 21794816
235, 12627968, 4533084160, 21643264
235, 13299712, 4533084160, 21823488
235, 13299712, 4533084160, 21831680
235, 13299712, 4533084160, 21819392
235, 13299712, 4533084160, 21819392
235, 13299712, 4533084160, 21807104
235, 12492800, 4533084160, 21635072
235, 13045760, 4533084160, 21762048
235, 12374016, 4533084160, 21643264
235, 12374016, 4533084160, 21643264
235, 12374016, 4533084160, 21635072
235, 12550144, 4533084160, 21499904
235, 13299712, 4533084160, 22016000
235, 13238272, 4533084160, 21614592
235, 11079680, 4533084160, 21192704
235, 13250560, 4533084160, 21708800
235, 13299712, 4533084160, 21778432
235, 13299712, 4533084160, 21786624
235, 13254656, 4533084160, 21635072
235, 12570624, 4533084160, 21553152
235, 12570624, 4533084160, 21622784
235, 13254656, 4533084160, 21594112
235, 13299712, 4533084160, 21852160
235, 13189120, 4533084160, 21635072
235, 13172736, 4533084160, 21569536
235, 13189120, 4533084160, 21651456
235, 12759040, 4533084160, 21798912
235, 12759040, 4533084160, 22052864
235, 12496896, 4533084160, 21692416
235, 12500992, 4533084160, 21626880
235, 12500992, 4533084160, 21676032
235, 12500992, 4533084160, 21618688
235, 12500992, 4533084160, 21663744
235, 12500992, 4533084160, 21618688
235, 12500992, 4533084160, 21606400
235, 12500992, 4533084160, 21676032
235, 12500992, 4533084160, 21590016
235, 12500992, 4533084160, 21614592
235, 12500992, 4533084160, 21659648
235, 12759040, 4533084160, 21991424
235, 12759040, 4533084160, 22028288
235, 12759040, 4533084160, 21692416
235, 12759040, 4533084160, 21774336
235, 12759040, 4533084160, 21700608
235, 12759040, 4533084160, 21708800
235, 12759040, 4533084160, 21737472
235, 12759040, 4533084160, 21667840
235, 12759040, 4533084160, 21745664
235, 12759040, 4533084160, 21745664
235, 12759040, 4533084160, 21696512
235, 12759040, 4533084160, 21733376
235, 12759040, 4533084160, 21745664
235, 12759040, 4533084160, 21757952
235, 12759040, 4533084160, 21733376
235, 12759040, 4533084160, 21700608
235, 12759040, 4533084160, 21741568
235, 12759040, 4533084160, 21745664
235, 12476416, 4533084160, 21565440
235, 12759040, 4533084160, 21737472
235, 12759040, 4533084160, 21741568
235, 12759040, 4533084160, 21745664
235, 12759040, 4533084160, 21741568
235, 12685312, 4533084160, 21602304
235, 12759040, 4533084160, 21733376
235, 12353536, 4533084160, 21594112
235, 12353536, 4533084160, 21610496
235, 12341248, 4533084160, 21610496
235, 12353536, 4533084160, 21561344
235, 12353536, 4533084160, 21606400
235, 12341248, 4533084160, 21602304
235, 12353536, 4533084160, 21614592
235, 12341248, 4533084160, 21606400
235, 12341248, 4533084160, 21606400
235, 12353536, 4533084160, 21557248
235, 12345344, 4533084160, 21508096
235, 12353536, 4533084160, 21618688
235, 12759040, 4533084160, 21667840
235, 12759040, 4533084160, 21712896
235, 12759040, 4533084160, 21778432
235, 12750848, 4533084160, 21590016
235, 12759040, 4533084160, 21938176
235, 12480512, 4533084160, 21540864
235, 12759040, 4533084160, 21704704
235, 12759040, 4533084160, 21880832
235, 12759040, 4533084160, 21884928
235, 12759040, 4533084160, 21696512
235, 12759040, 4533084160, 21479424
235, 12759040, 4533084160, 21557248
235, 12759040, 4533084160, 21450752
235, 12759040, 4533084160, 21520384
235, 13299712, 4533084160, 21704704
235, 13299712, 4533084160, 21499904
235, 13299712, 4533084160, 21639168
235, 13299712, 4533084160, 21532672
235, 13291520, 4533084160, 21454848
235, 13299712, 4533084160, 21487616
235, 13271040, 4533084160, 21430272
235, 13283328, 4533084160, 21475328
235, 12693504, 4533084160, 21516288
235, 12582912, 4533084160, 21409792
235, 13299712, 4533084160, 21471232
235, 13299712, 4533084160, 21618688
235, 12603392, 4533084160, 21323776
235, 12627968, 4533084160, 21532672
235, 12623872, 4533084160, 21438464
235, 12627968, 4533084160, 21508096
235, 13295616, 4533084160, 21688320
235, 13213696, 4533084160, 21364736
235, 13299712, 4533084160, 21585920
235, 13299712, 4533084160, 21614592
235, 13299712, 4533084160, 21667840
235, 13299712, 4533084160, 21655552
235, 12611584, 4533084160, 21295104
235, 13299712, 4533084160, 21643264
235, 13299712, 4533084160, 21651456
235, 13299712, 4533084160, 21819392
235, 13299712, 4533084160, 21667840
235, 13185024, 4533084160, 21266432
235, 13299712, 4533084160, 21495808
235, 13283328, 4533084160, 21475328
235, 13283328, 4533084160, 21487616
235, 13283328, 4533084160, 21483520
235, 13299712, 4533084160, 21471232
235, 13299712, 4533084160, 21495808
235, 13283328, 4533084160, 21483520
235, 13283328, 4533084160, 21508096
235, 13271040, 4533084160, 21471232
235, 13271040, 4533084160, 21454848
235, 13271040, 4533084160, 21487616
235, 13271040, 4533084160, 21475328
235, 13271040, 4533084160, 21659648
235, 13299712, 4533084160, 21745664
235, 13287424, 4533084160, 21835776
235, 13287424, 4533084160, 21868544
235, 13295616, 4533084160, 21671936
235, 13287424, 4533084160, 21417984
235, 13299712, 4533084160, 21635072
235, 13299712, 4533084160, 21741568
235, 13299712, 4533084160, 21946368
235, 13299712, 4533084160, 21553152
235, 13299712, 4533084160, 21745664
235, 13299712, 4533084160, 22007808
235, 13299712, 4533084160, 21716992
235, 13299712, 4533084160, 21860352
235, 13299712, 4533084160, 21819392
235, 13299712, 4533084160, 21835776
235, 13287424, 4533084160, 21561344
235, 13287424, 4533084160, 21520384
235, 13299712, 4533084160, 21704704
235, 13299712, 4533084160, 21999616
235, 13299712, 4533084160, 22011904
235, 13287424, 4533084160, 21549056
235, 13299712, 4533084160, 21544960
235, 13299712, 4533084160, 21848064
235, 13295616, 4533084160, 21577728
235, 13299712, 4533084160, 21577728
235, 13299712, 4533084160, 21852160
235, 12595200, 4533084160, 21344256
235, 13299712, 4533084160, 21864448
235, 13299712, 4533084160, 21618688
235, 13299712, 4533084160, 21803008
235, 13299712, 4533084160, 21663744
235, 13299712, 4533084160, 21737472
235, 13299712, 4533084160, 21766144
235, 13299712, 4533084160, 21962752
235, 13299712, 4533084160, 21995520
235, 13299712, 4533084160, 21798912
235, 13299712, 4533084160, 21843968
235, 13299712, 4533084160, 21680128
235, 12627968, 4533084160, 21606400
235, 13299712, 4533084160, 21741568
235, 12611584, 4533084160, 21708800
235, 12627968, 4533084160, 21524480
235, 12627968, 4533084160, 21807104
235, 13299712, 4533084160, 21942272
235, 13299712, 4533084160, 21942272
235, 13299712, 4533084160, 21970944
235, 13299712, 4533084160, 21970944
235, 13299712, 4533084160, 21970944
235, 12627968, 4533084160, 21823488
235, 13299712, 4533084160, 21594112
235, 13299712, 4533084160, 21753856
235, 12615680, 4533084160, 21573632
235, 12627968, 4533084160, 21626880
235, 12627968, 4533084160, 21626880
235, 13283328, 4533084160, 21733376
235, 13299712, 4533084160, 21819392
235, 12627968, 4533084160, 21512192
235, 12627968, 4533084160, 21635072
235, 12627968, 4533084160, 21630976
235, 12627968, 4533084160, 21487616
235, 12623872, 4533084160, 21508096
235, 12627968, 4533084160, 21520384
235, 12627968, 4533084160, 21635072
235, 12627968, 4533084160, 21635072
235, 12615680, 4533084160, 21512192
235, 12627968, 4533084160, 21647360
235, 12627968, 4533084160, 21602304
235, 12627968, 4533084160, 21835776
235, 12627968, 4533084160, 21573632
235, 12619776, 4533084160, 21544960
235, 13299712, 4533084160, 21938176
235, 13299712, 4533084160, 21901312
235, 12296192, 4533084160, 21397504
235, 13299712, 4533084160, 21934080
235, 12627968, 4533084160, 21590016
235, 12627968, 4533084160, 21610496
235, 12627968, 4533084160, 21610496
235, 12615680, 4533084160, 21516288
235, 12627968, 4533084160, 21594112
235, 13299712, 4533084160, 21725184
235, 10932224, 4533084160, 20959232
235, 13299712, 4533084160, 21618688
235, 13299712, 4533084160, 21741568
235, 13299712, 4533084160, 21966848
235, 12627968, 4533084160, 21635072
235, 12627968, 4533084160, 21684224
235, 12627968, 4533084160, 21643264
235, 12627968, 4533084160, 21581824
235, 12627968, 4533084160, 21614592
235, 12627968, 4533084160, 21618688
235, 12627968, 4533084160, 21622784
235, 12627968, 4533084160, 21610496
235, 12615680, 4533084160, 21495808
235, 12627968, 4533084160, 21606400
235, 13299712, 4533084160, 21843968
235, 13299712, 4533084160, 21872640
235, 12427264, 4533084160, 21598208
235, 13299712, 4533084160, 21671936
235, 13299712, 4533084160, 21905408
235, 12423168, 4533084160, 21454848
235, 12304384, 4533084160, 21311488
235, 12439552, 4533084160, 21626880
235, 12627968, 4533084160, 21635072
235, 13299712, 4533084160, 21860352
235, 13299712, 4533084160, 21864448
235, 13299712, 4533084160, 21868544
235, 13299712, 4533084160, 21676032
235, 12627968, 4533084160, 21610496
235, 12595200, 4533084160, 21356544
235, 13299712, 4533084160, 21725184
235, 12627968, 4533084160, 21577728
235, 13299712, 4533084160, 21733376
235, 13299712, 4533084160, 21716992
235, 12627968, 4533084160, 21536768
235, 12627968, 4533084160, 21602304
235, 12627968, 4533084160, 21594112
235, 13299712, 4533084160, 21721088
235, 13299712, 4533084160, 21762048
235, 13299712, 4533084160, 21770240
235, 13299712, 4533084160, 22003712
235, 12759040, 4533084160, 21598208
235, 12746752, 4533084160, 21528576
235, 13299712, 4533084160, 21688320
235, 12615680, 4533084160, 21786624
235, 13299712, 4533084160, 21618688
235, 13299712, 4533084160, 21598208
235, 13299712, 4533084160, 21618688
235, 13299712, 4533084160, 21733376
235, 13299712, 4533084160, 21708800
235, 13299712, 4533084160, 21725184
235, 13299712, 4533084160, 21807104
235, 12623872, 4533084160, 21733376
235, 13299712, 4533084160, 21807104
235, 13299712, 4533084160, 21590016
235, 13299712, 4533084160, 21909504
235, 13299712, 4533084160, 21958656
235, 13287424, 4533084160, 21831680
235, 13299712, 4533084160, 21954560
235, 13299712, 4533084160, 22036480
235, 11165696, 4533084160, 21188608
235, 13299712, 4533084160, 21909504
235, 13299712, 4533084160, 21610496
235, 13299712, 4533084160, 21725184
233, 13283328, 4533084160, 21409792
233, 13283328, 4533084160, 21573632
233, 13283328, 4533084160, 21835776
233, 13283328, 4533084160, 21843968
233, 12599296, 4533084160, 21561344
233, 12632064, 4533084160, 21614592
233, 12574720, 4533084160, 21577728
233, 12632064, 4533084160, 21602304
233, 12599296, 4533084160, 21594112
233, 12599296, 4533084160, 21610496
233, 13266944, 4533084160, 21602304
233, 13271040, 4533084160, 21663744
235, 13275136, 4533084160, 21708800
235, 12742656, 4533084160, 21647360
235, 13299712, 4533084160, 21745664
235, 12726272, 4533084160, 21676032
235, 13291520, 4533084160, 21774336
235, 13291520, 4533084160, 21770240
235, 13303808, 4533084160, 21872640
235, 13291520, 4533084160, 21819392
235, 13303808, 4533084160, 21893120
235, 12611584, 4533084160, 21655552
235, 12619776, 4533084160, 21831680
235, 12603392, 4533084160, 21536768
235, 12619776, 4533084160, 21590016
235, 12619776, 4533084160, 21590016
235, 12607488, 4533084160, 21573632
235, 12607488, 4533084160, 21573632
235, 12607488, 4533084160, 21577728
235, 12607488, 4533084160, 21577728
235, 12607488, 4533084160, 21577728
235, 12607488, 4533084160, 21577728
235, 12607488, 4533084160, 21577728
235, 12603392, 4533084160, 21635072
235, 13242368, 4533084160, 21651456
235, 13258752, 4533084160, 21671936
235, 13201408, 4533084160, 21651456
235, 13287424, 4533084160, 21774336
235, 12599296, 4533084160, 21467136
235, 13275136, 4533084160, 21630976
235, 13275136, 4533084160, 21692416
235, 13262848, 4533084160, 21528576
235, 13262848, 4533084160, 21872640
235, 13262848, 4533084160, 21766144
235, 12652544, 4533084160, 21471232
235, 13279232, 4533084160, 21725184
235, 13279232, 4533084160, 21737472
235, 12500992, 4533084160, 21528576
235, 13303808, 4533084160, 21770240
235, 13299712, 4533084160, 21610496
235, 13303808, 4533084160, 21749760
235, 13279232, 4533084160, 21581824
235, 13291520, 4533084160, 21770240
235, 12554240, 4533084160, 21512192
235, 13291520, 4533084160, 21671936
235, 12537856, 4533084160, 21467136
235, 13291520, 4533084160, 21905408
235, 13246464, 4533084160, 21553152
235, 13266944, 4533084160, 21753856
235, 12541952, 4533084160, 21565440
235, 12607488, 4533084160, 21581824
235, 12607488, 4533084160, 21585920
235, 12607488, 4533084160, 21585920
235, 12607488, 4533084160, 21585920
235, 12595200, 4533084160, 21573632
235, 12595200, 4533084160, 21573632
235, 12595200, 4533084160, 21569536
235, 12595200, 4533084160, 21569536
235, 12595200, 4533084160, 21569536
235, 12607488, 4533084160, 21647360
235, 12566528, 4533084160, 21602304
235, 13275136, 4533084160, 21917696
235, 12693504, 4533084160, 21581824
235, 12713984, 4533084160, 21700608
235, 12685312, 4533084160, 21557248
235, 12697600, 4533084160, 21630976
235, 13238272, 4533084160, 21655552
235, 13213696, 4533084160, 21606400
235, 13238272, 4533084160, 21626880
235, 12681216, 4533084160, 21585920
235, 13234176, 4533084160, 21606400
235, 13303808, 4533084160, 21639168
235, 13303808, 4533084160, 21708800
235, 12673024, 4533084160, 21573632
235, 12734464, 4533084160, 21700608
235, 12734464, 4533084160, 21708800
235, 12718080, 4533084160, 21712896
235, 12734464, 4533084160, 21741568
235, 12681216, 4533084160, 21651456
235, 12734464, 4533084160, 21704704
235, 12734464, 4533084160, 21630976
235, 12734464, 4533084160, 21721088
235, 12734464, 4533084160, 21741568
235, 13279232, 4533084160, 21614592
235, 12451840, 4533084160, 21590016
235, 12488704, 4533084160, 21716992
235, 12337152, 4533084160, 21602304
235, 12480512, 4533084160, 21606400
235, 13283328, 4533084160, 21692416
235, 13254656, 4533084160, 21676032
235, 13254656, 4533084160, 21696512
235, 13262848, 4533084160, 21557248
235, 13262848, 4533084160, 21565440
235, 12591104, 4533084160, 21557248
235, 13262848, 4533084160, 21569536
235, 13262848, 4533084160, 21569536
235, 13275136, 4533084160, 21737472
235, 13275136, 4533084160, 21737472
235, 13275136, 4533084160, 21737472
235, 13275136, 4533084160, 21737472
235, 13303808, 4533084160, 21712896
235, 13303808, 4533084160, 21786624
235, 13303808, 4533084160, 21790720
235, 13283328, 4533084160, 21643264
235, 12582912, 4533084160, 21561344
235, 13254656, 4533084160, 21573632
235, 10903552, 4533084160, 20967424
235, 13262848, 4533084160, 21774336
235, 13262848, 4533084160, 21778432
235, 12611584, 4533084160, 21471232
235, 13303808, 4533084160, 21790720
235, 13230080, 4533084160, 21479424
235, 13230080, 4533084160, 21487616
235, 13230080, 4533084160, 21438464
235, 13230080, 4533084160, 21467136
235, 13230080, 4533084160, 21487616
235, 13230080, 4533084160, 21475328
235, 13230080, 4533084160, 21475328
235, 13230080, 4533084160, 21458944
235, 13230080, 4533084160, 21483520
235, 12632064, 4533084160, 21610496
235, 12632064, 4533084160, 21622784
235, 12533760, 4533084160, 21430272
235, 12709888, 4533084160, 21647360
235, 12734464, 4533084160, 21671936
235, 12693504, 4533084160, 21663744
235, 12763136, 4533084160, 21737472
235, 12763136, 4533084160, 21737472
235, 12763136, 4533084160, 21737472
235, 12566528, 4533084160, 21565440
235, 12738560, 4533084160, 21536768
235, 12570624, 4533084160, 21569536
235, 12763136, 4533084160, 21794816
235, 12763136, 4533084160, 21839872
235, 12763136, 4533084160, 21839872
235, 12763136, 4533084160, 21839872
235, 12349440, 4533084160, 21561344
235, 12349440, 4533084160, 21565440
235, 12349440, 4533084160, 21565440
235, 12349440, 4533084160, 21565440
235, 12349440, 4533084160, 21565440
235, 12517376, 4533084160, 21676032
235, 12763136, 4533084160, 21901312
235, 12546048, 4533084160, 21524480
235, 12595200, 4533084160, 21618688
235, 12484608, 4533084160, 21442560
235, 12595200, 4533084160, 21667840
235, 12566528, 4533084160, 21573632
235, 12566528, 4533084160, 21573632
235, 12341248, 4533084160, 21557248
235, 12369920, 4533084160, 21569536
235, 12369920, 4533084160, 21569536
235, 12464128, 4533084160, 21692416
235, 13266944, 4533084160, 21766144
235, 12320768, 4533084160, 21557248
235, 12382208, 4533084160, 21585920
235, 12333056, 4533084160, 21442560
235, 13094912, 4533084160, 21610496
235, 12353536, 4533084160, 21565440
235, 12472320, 4533084160, 21696512
235, 13254656, 4533084160, 21467136
235, 10907648, 4533084160, 20893696
235, 13287424, 4533084160, 21643264
235, 12611584, 4533084160, 21614592
235, 13287424, 4533084160, 21647360
235, 13303808, 4533084160, 21561344
235, 13303808, 4533084160, 21643264
235, 13266944, 4533084160, 21471232
235, 13275136, 4533084160, 21594112
235, 13275136, 4533084160, 21602304
235, 13287424, 4533084160, 21569536
235, 13287424, 4533084160, 21610496
235, 13275136, 4533084160, 21581824
235, 13303808, 4533084160, 21655552
235, 13238272, 4533084160, 21676032
235, 13303808, 4533084160, 21749760
235, 12607488, 4533084160, 21467136
235, 13287424, 4533084160, 21549056
235, 13303808, 4533084160, 21659648
235, 13287424, 4533084160, 21635072
235, 13287424, 4533084160, 21647360
235, 13275136, 4533084160, 21618688
235, 13287424, 4533084160, 21647360
235, 13287424, 4533084160, 21565440
235, 13287424, 4533084160, 21622784
235, 13238272, 4533084160, 21532672
235, 13303808, 4533084160, 21659648
235, 13303808, 4533084160, 21667840
235, 13271040, 4533084160, 21553152
235, 13271040, 4533084160, 21606400
235, 13266944, 4533084160, 21585920
235, 13271040, 4533084160, 21618688
235, 13271040, 4533084160, 21561344
235, 13271040, 4533084160, 21598208
235, 13262848, 4533084160, 21630976
235, 13303808, 4533084160, 21725184
235, 12595200, 4533084160, 21475328
235, 13295616, 4533084160, 21667840
235, 13303808, 4533084160, 21635072
235, 13303808, 4533084160, 21659648
235, 13303808, 4533084160, 21663744
235, 12574720, 4533084160, 21471232
235, 12574720, 4533084160, 21540864
235, 12632064, 4533084160, 21463040
235, 12632064, 4533084160, 21495808
235, 12632064, 4533084160, 21499904
235, 12632064, 4533084160, 21499904
235, 12599296, 4533084160, 21438464
235, 12627968, 4533084160, 21712896
235, 11194368, 4533084160, 21176320
235, 12476416, 4533084160, 21671936
235, 12476416, 4533084160, 21708800
235, 12369920, 4533084160, 21569536
235, 12386304, 4533084160, 21610496
235, 12337152, 4533084160, 21557248
235, 12337152, 4533084160, 21557248
235, 12337152, 4533084160, 21557248
235, 12337152, 4533084160, 21557248
235, 12337152, 4533084160, 21557248
233, 12476416, 4533084160, 21630976
233, 12632064, 4533084160, 21782528
233, 12570624, 4533084160, 21794816
233, 12570624, 4533084160, 21794816
233, 12570624, 4533084160, 21794816
233, 12570624, 4533084160, 21794816
233, 12349440, 4533084160, 21573632
233, 12349440, 4533084160, 21573632
233, 12349440, 4533084160, 21573632
233, 12349440, 4533084160, 21573632
235, 13303808, 4533084160, 21819392
235, 13303808, 4533084160, 21860352
235, 12345344, 4533084160, 21536768
235, 12345344, 4533084160, 21569536
235, 12345344, 4533084160, 21487616
235, 12345344, 4533084160, 21561344
235, 12345344, 4533084160, 21569536
235, 12345344, 4533084160, 21569536
235, 12345344, 4533084160, 21569536
235, 12345344, 4533084160, 21561344
235, 13213696, 4533084160, 21626880
235, 12333056, 4533084160, 21544960
235, 12333056, 4533084160, 21544960
235, 12333056, 4533084160, 21544960
235, 12333056, 4533084160, 21544960
235, 12333056, 4533084160, 21544960
235, 12333056, 4533084160, 21544960
235, 12333056, 4533084160, 21544960
235, 12333056, 4533084160, 21544960
235, 12333056, 4533084160, 21544960
235, 12337152, 4533084160, 21553152
235, 12337152, 4533084160, 21573632
235, 12337152, 4533084160, 21573632
235, 12337152, 4533084160, 21573632
235, 12337152, 4533084160, 21573632
235, 12324864, 4533084160, 21557248
235, 12337152, 4533084160, 21565440
235, 12324864, 4533084160, 21557248
235, 12324864, 4533084160, 21557248
235, 12337152, 4533084160, 21565440
235, 12337152, 4533084160, 21565440
235, 12324864, 4533084160, 21561344
235, 12337152, 4533084160, 21565440
235, 12353536, 4533084160, 21483520
235, 12439552, 4533084160, 21585920
235, 12443648, 4533084160, 21643264
235, 12443648, 4533084160, 21651456
235, 12230656, 4533084160, 21454848
235, 12603392, 4533084160, 21450752
235, 13279232, 4533084160, 21651456
235, 13291520, 4533084160, 21721088
235, 12603392, 4533084160, 21520384
235, 12763136, 4533084160, 21688320
235, 12558336, 4533084160, 21532672
235, 12558336, 4533084160, 21565440
235, 12550144, 4533084160, 21557248
235, 12550144, 4533084160, 21557248
235, 12550144, 4533084160, 21557248
235, 12562432, 4533084160, 21491712
235, 10899456, 4533084160, 20946944
235, 12763136, 4533084160, 21663744
235, 12763136, 4533084160, 21663744
235, 12578816, 4533084160, 21512192
235, 12578816, 4533084160, 21512192
235, 12578816, 4533084160, 21512192
235, 12578816, 4533084160, 21512192
235, 12578816, 4533084160, 21512192
235, 12578816, 4533084160, 21512192
235, 12578816, 4533084160, 21512192
235, 12578816, 4533084160, 21512192
235, 12578816, 4533084160, 21512192
235, 12578816, 4533084160, 21512192
235, 13287424, 4533084160, 21540864
235, 11034624, 4533084160, 21049344
235, 12468224, 4533084160, 21446656
235, 13303808, 4533084160, 21651456
235, 13242368, 4533084160, 21540864
235, 13242368, 4533084160, 21557248
235, 12570624, 4533084160, 21463040
235, 13242368, 4533084160, 21557248
235, 12570624, 4533084160, 21520384
235, 13242368, 4533084160, 21557248
235, 12570624, 4533084160, 21450752
235, 13242368, 4533084160, 21557248
235, 13242368, 4533084160, 21557248
235, 13242368, 4533084160, 21557248
235, 13242368, 4533084160, 21770240
235, 13299712, 4533084160, 22134784
235, 12390400, 4533084160, 21524480
235, 13295616, 4533084160, 21868544
235, 13271040, 4533084160, 21749760
235, 12435456, 4533084160, 21573632
235, 13213696, 4533084160, 21897216
235, 13168640, 4533084160, 21684224
235, 13254656, 4533084160, 21950464
235, 13250560, 4533084160, 21757952
235, 13275136, 4533084160, 21905408
235, 12447744, 4533084160, 21630976
235, 13275136, 4533084160, 22052864
