Handle Count, Page File Bytes, Virtual Bytes, Working Set
246, 11378688, 4589969408, 23052288
246, 12423168, 4591017984, 24252416
246, 15278080, 4591017984, 24932352
246, 13881344, 4591017984, 24399872
246, 12533760, 4591017984, 23728128
246, 12771328, 4591017984, 23474176
246, 13504512, 4591017984, 23609344
246, 13385728, 4591017984, 23326720
246, 12165120, 4591017984, 24559616
246, 13885440, 4591017984, 24739840
246, 11739136, 4591017984, 23973888
246, 13524992, 4591017984, 23617536
246, 14315520, 4591017984, 23695360
246, 16072704, 4591017984, 25272320
246, 16613376, 4591017984, 24821760
246, 13922304, 4591017984, 24334336
246, 11419648, 4591017984, 23949312
246, 18714624, 4591017984, 25014272
246, 12935168, 4591017984, 23719936
246, 19787776, 4591017984, 24600576
246, 15601664, 4591017984, 24420352
246, 15986688, 4591017984, 24559616
246, 14897152, 4591017984, 24817664
246, 17219584, 4591017984, 25092096
246, 16945152, 4591017984, 24936448
246, 19099648, 4591017984, 25444352
246, 12513280, 4591017984, 24260608
246, 13111296, 4591017984, 24358912
246, 16236544, 4591017984, 25776128
246, 15929344, 4591017984, 24416256
246, 13959168, 4591017984, 24616960
246, 17281024, 4591017984, 24866816
246, 15437824, 4591017984, 25047040
246, 14176256, 4591017984, 24870912
246, 12025856, 4591017984, 24424448
246, 13975552, 4591017984, 24432640
246, 59604992, 4591017984, 48242688
246, 61227008, 4591017984, 49881088
246, 14979072, 4591017984, 26009600
246, 15179776, 4591017984, 25391104
246, 59346944, 4591017984, 48021504
246, 61640704, 4591017984, 50323456
246, 60542976, 4591017984, 51384320
246, 56762368, 4591017984, 50122752
246, 55869440, 4591017984, 49950720
246, 14733312, 4591017984, 25014272
246, 54317056, 4591017984, 46788608
246, 54140928, 4591017984, 49577984
246, 54599680, 4591017984, 50651136
246, 56471552, 4591017984, 52129792
246, 57847808, 4591017984, 52883456
246, 15634432, 4591017984, 25976832
246, 16412672, 4591017984, 24924160
246, 56274944, 4591017984, 47452160
246, 57331712, 4591017984, 49393664
246, 60452864, 4591017984, 51216384
246, 59650048, 4591017984, 51425280
246, 60067840, 4591017984, 53612544
246, 59785216, 4591017984, 52662272
246, 58863616, 4591017984, 51740672
246, 59404288, 4591017984, 52789248
246, 62222336, 4591017984, 54038528
246, 60084224, 4591017984, 53440512
246, 60002304, 4591017984, 53334016
246, 12124160, 4591017984, 24838144
246, 62406656, 4591017984, 49033216
246, 62414848, 4591017984, 50966528
246, 62414848, 4591017984, 52060160
246, 62414848, 4591017984, 52228096
246, 60805120, 4591017984, 52228096
246, 59994112, 4591017984, 52224000
246, 60289024, 4591017984, 52424704
246, 59207680, 4591017984, 52199424
246, 58130432, 4591017984, 53395456
246, 56352768, 4591017984, 53288960
246, 58847232, 4591017984, 53997568
246, 17121280, 4591017984, 26411008
246, 57651200, 4591017984, 48898048
246, 13250560, 4591017984, 24576000
246, 57532416, 4591017984, 48082944
246, 58642432, 4591017984, 50749440
246, 59228160, 4591017984, 51572736
246, 59355136, 4591017984, 51826688
246, 57950208, 4591017984, 50438144
246, 58490880, 4591017984, 50884608
246, 60149760, 4591017984, 51785728
246, 56795136, 4591017984, 50925568
246, 58716160, 4591017984, 51159040
246, 59215872, 4591017984, 51658752
246, 58798080, 4591017984, 52113408
246, 57741312, 4591017984, 51867648
246, 59686912, 4591017984, 52240384
248, 57741312, 4593115136, 51871744
248, 58949632, 4593115136, 52281344
248, 57921536, 4593115136, 52076544
248, 58740736, 4593115136, 52088832
248, 58880000, 4593115136, 52457472
248, 60100608, 4593115136, 52875264
248, 57311232, 4593115136, 52375552
248, 55951360, 4593115136, 51773440
248, 58716160, 4593115136, 52256768
248, 58773504, 4593115136, 52981760
248, 58449920, 4593115136, 52768768
248, 59187200, 4593115136, 52981760
248, 59183104, 4593115136, 52944896
248, 57982976, 4593115136, 52633600
248, 61734912, 4593115136, 53030912
248, 61067264, 4593115136, 54284288
248, 61870080, 4593115136, 54333440
248, 61063168, 4593115136, 55263232
248, 59981824, 4593115136, 55140352
248, 58933248, 4593115136, 55001088
248, 57561088, 4593115136, 54296576
248, 59740160, 4593115136, 54128640
248, 58036224, 4593115136, 53305344
248, 58159104, 4593115136, 53952512
248, 59068416, 4593115136, 54235136
248, 61779968, 4593115136, 54566912
248, 59658240, 4593115136, 54104064
248, 59330560, 4593115136, 53788672
248, 61874176, 4593115136, 53948416
248, 61079552, 4593115136, 54951936
248, 62693376, 4609695744, 55357440
248, 62693376, 4609695744, 55803904
248, 62693376, 4609695744, 56848384
248, 62693376, 4609695744, 57061376
248, 62693376, 4609695744, 57069568
248, 15249408, 4609695744, 25690112
248, 61538304, 4609695744, 48484352
248, 62369792, 4609695744, 50618368
248, 61300736, 4609695744, 51654656
248, 15650816, 4609695744, 25202688
248, 62296064, 4609695744, 48955392
248, 63045632, 4609695744, 52051968
248, 63062016, 4609695744, 52822016
248, 63062016, 4609695744, 52895744
248, 63062016, 4609695744, 52924416
248, 63062016, 4609695744, 53563392
248, 13963264, 4609695744, 24449024
248, 62763008, 4609695744, 49147904
248, 62771200, 4609695744, 51458048
248, 62783488, 4609695744, 51884032
248, 62783488, 4609695744, 52035584
248, 62783488, 4609695744, 52396032
248, 62787584, 4609695744, 52527104
248, 62787584, 4609695744, 52551680
248, 62787584, 4609695744, 52568064
248, 62922752, 4609695744, 54145024
248, 62922752, 4609695744, 54226944
248, 62922752, 4609695744, 54550528
248, 62922752, 4609695744, 55771136
248, 62922752, 4609695744, 56000512
248, 62922752, 4609695744, 56709120
248, 62922752, 4609695744, 56803328
248, 61849600, 4609695744, 55861248
248, 62787584, 4609695744, 56020992
248, 62787584, 4609695744, 56049664
248, 62787584, 4609695744, 56078336
248, 62787584, 4609695744, 56193024
248, 62922752, 4609695744, 56721408
248, 63332352, 4609695744, 57077760
248, 61181952, 4609695744, 56602624
248, 62787584, 4609695744, 56619008
248, 62787584, 4609695744, 56619008
248, 62787584, 4609695744, 56619008
248, 62787584, 4609695744, 56619008
248, 62787584, 4609695744, 56627200
248, 62787584, 4609695744, 56627200
248, 62787584, 4609695744, 56627200
248, 62787584, 4609695744, 56627200
248, 62787584, 4609695744, 56623104
248, 62787584, 4609695744, 56623104
248, 62787584, 4609695744, 56627200
248, 61988864, 4609695744, 56619008
248, 62791680, 4609695744, 56627200
248, 62791680, 4609695744, 56627200
248, 62791680, 4609695744, 56627200
248, 62791680, 4609695744, 56627200
248, 16216064, 4609695744, 26288128
248, 17547264, 4609695744, 25108480
248, 62885888, 4609695744, 49229824
248, 62889984, 4609695744, 51896320
248, 62889984, 4609695744, 52867072
248, 62889984, 4609695744, 53215232
248, 62894080, 4609695744, 53911552
248, 62910464, 4609695744, 54022144
248, 62910464, 4609695744, 54161408
248, 63606784, 4606550016, 54112256
250, 62005248, 4606550016, 53981184
250, 61673472, 4606550016, 53653504
250, 62480384, 4606550016, 53665792
250, 62488576, 4606550016, 53682176
250, 62623744, 4606550016, 53805056
250, 62623744, 4606550016, 54308864
250, 62623744, 4606550016, 54607872
250, 62623744, 4606550016, 54607872
250, 62623744, 4606550016, 54620160
250, 62623744, 4606550016, 54620160
250, 62623744, 4606550016, 54681600
250, 62623744, 4606550016, 54972416
250, 62623744, 4606550016, 55312384
250, 62623744, 4606550016, 55382016
250, 62623744, 4606550016, 55451648
250, 62623744, 4606550016, 55525376
250, 62623744, 4606550016, 55529472
250, 62885888, 4606550016, 48664576
250, 62889984, 4606550016, 51081216
250, 62889984, 4606550016, 51712000
250, 62889984, 4606550016, 51900416
250, 61812736, 4606550016, 51691520
250, 62615552, 4606550016, 51707904
250, 62615552, 4606550016, 51712000
250, 62615552, 4606550016, 51716096
250, 62615552, 4606550016, 51707904
250, 62750720, 4606550016, 51851264
250, 62750720, 4606550016, 51859456
250, 62750720, 4606550016, 51851264
250, 61677568, 4606550016, 51957760
250, 62480384, 4606550016, 53047296
250, 62779392, 4606550016, 53440512
250, 62914560, 4606550016, 53592064
250, 63049728, 4606550016, 54431744
250, 63049728, 4606550016, 54517760
250, 61976576, 4606550016, 54796288
250, 62779392, 4606550016, 54984704
250, 62779392, 4606550016, 55066624
250, 62779392, 4606550016, 55463936
250, 62779392, 4606550016, 55808000
250, 15151104, 4606550016, 27164672
250, 16621568, 4606550016, 25735168
250, 62726144, 4606550016, 48984064
250, 13627392, 4606550016, 25153536
250, 62885888, 4606550016, 49283072
250, 62889984, 4606550016, 51449856
250, 61972480, 4606550016, 52592640
250, 62775296, 4606550016, 53321728
250, 62783488, 4606550016, 53649408
250, 62783488, 4606550016, 53673984
250, 62918656, 4606550016, 53919744
250, 62918656, 4606550016, 54714368
250, 63053824, 4606550016, 54923264
250, 61988864, 4606550016, 54681600
250, 62791680, 4606550016, 54685696
250, 62791680, 4606550016, 54685696
250, 61857792, 4606550016, 55222272
250, 62660608, 4606550016, 55959552
250, 62660608, 4606550016, 56033280
250, 63463424, 4606550016, 56045568
250, 61857792, 4606550016, 56455168
250, 62660608, 4606550016, 56471552
250, 62660608, 4606550016, 56930304
250, 62660608, 4606550016, 57135104
250, 62660608, 4606550016, 57135104
250, 62660608, 4606550016, 57135104
250, 61870080, 4606550016, 57217024
250, 62808064, 4606550016, 57360384
250, 62808064, 4606550016, 57360384
250, 62808064, 4606550016, 57360384
250, 62808064, 4606550016, 57360384
250, 63610880, 4606550016, 57475072
250, 63610880, 4606550016, 58068992
250, 63610880, 4606550016, 59146240
250, 63610880, 4606550016, 59207680
250, 63610880, 4606550016, 59797504
250, 63610880, 4606550016, 60035072
250, 63610880, 4606550016, 60055552
250, 63610880, 4606550016, 60067840
250, 63610880, 4606550016, 60067840
250, 63610880, 4606550016, 60436480
250, 63610880, 4606550016, 60469248
250, 63610880, 4606550016, 60469248
250, 63610880, 4606550016, 60469248
250, 63610880, 4606550016, 60469248
250, 63610880, 4606550016, 60567552
250, 63610880, 4606550016, 60571648
250, 63610880, 4606550016, 60571648
250, 63610880, 4606550016, 61181952
250, 63610880, 4606550016, 61235200
250, 63610880, 4606550016, 61972480
250, 16191488, 4606550016, 27119616
250, 14188544, 4606550016, 25894912
250, 13885440, 4606550016, 25391104
250, 62550016, 4606550016, 48955392
250, 63590400, 4606550016, 51306496
250, 63598592, 4606550016, 51740672
250, 63598592, 4606550016, 53182464
250, 63598592, 4606550016, 53571584
250, 63602688, 4606550016, 53866496
250, 63602688, 4606550016, 54312960
250, 63602688, 4606550016, 54603776
250, 13905920, 4606550016, 25227264
250, 63582208, 4606550016, 49340416
250, 63590400, 4606550016, 51523584
250, 63590400, 4606550016, 52068352
250, 63598592, 4606550016, 52125696
250, 63598592, 4606550016, 52146176
250, 63598592, 4606550016, 52178944
250, 63598592, 4606550016, 52187136
250, 63602688, 4606550016, 52277248
250, 63602688, 4606550016, 52961280
250, 63610880, 4606550016, 53153792
250, 63610880, 4606550016, 53293056
250, 63610880, 4606550016, 53530624
250, 63610880, 4606550016, 53587968
250, 63610880, 4606550016, 53641216
250, 63610880, 4606550016, 53641216
250, 63614976, 4606550016, 53932032
250, 63614976, 4606550016, 54120448
250, 63614976, 4606550016, 54386688
250, 63614976, 4606550016, 54431744
250, 63614976, 4606550016, 54435840
250, 63614976, 4606550016, 54435840
250, 63614976, 4606550016, 54435840
250, 63614976, 4606550016, 54439936
250, 63614976, 4606550016, 54439936
250, 63614976, 4606550016, 54439936
250, 63614976, 4606550016, 54439936
250, 63614976, 4606550016, 54628352
250, 63614976, 4606550016, 54628352
250, 63614976, 4606550016, 54628352
250, 63614976, 4606550016, 54628352
250, 63614976, 4606550016, 54628352
250, 63614976, 4606550016, 54792192
250, 63614976, 4606550016, 54804480
250, 63614976, 4606550016, 55058432
250, 63614976, 4606550016, 55955456
250, 63614976, 4606550016, 56029184
250, 63614976, 4606550016, 56037376
250, 63614976, 4606550016, 56328192
250, 63614976, 4606550016, 56328192
250, 16830464, 4606550016, 26480640
250, 15679488, 4606550016, 25612288
250, 63569920, 4606550016, 49405952
250, 63574016, 4606550016, 51642368
250, 63586304, 4606550016, 52207616
250, 63598592, 4606550016, 53452800
250, 63598592, 4606550016, 53682176
250, 63598592, 4606550016, 53706752
250, 63598592, 4606550016, 54226944
250, 63598592, 4606550016, 54362112
250, 63606784, 4606550016, 54865920
250, 63606784, 4606550016, 55029760
250, 63606784, 4606550016, 55046144
250, 63606784, 4606550016, 55046144
250, 63606784, 4606550016, 55169024
250, 63606784, 4606550016, 55382016
250, 63606784, 4606550016, 55418880
250, 63606784, 4606550016, 55418880
250, 63606784, 4606550016, 55549952
250, 63610880, 4606550016, 55783424
250, 63610880, 4606550016, 55808000
250, 13316096, 4606550016, 25014272
250, 62799872, 4606550016, 49545216
250, 62816256, 4606550016, 51355648
250, 63610880, 4606550016, 51888128
250, 63610880, 4606550016, 51986432
250, 63610880, 4606550016, 52269056
250, 63610880, 4606550016, 52916224
250, 63610880, 4606550016, 53239808
250, 63610880, 4606550016, 53252096
250, 63610880, 4606550016, 53764096
250, 63610880, 4606550016, 53784576
250, 63610880, 4606550016, 53784576
250, 63610880, 4606550016, 54243328
250, 63610880, 4606550016, 54898688
250, 63610880, 4606550016, 55025664
250, 63610880, 4606550016, 55058432
250, 63610880, 4606550016, 55476224
250, 63610880, 4606550016, 55848960
250, 63610880, 4606550016, 55853056
250, 63610880, 4606550016, 55955456
250, 63610880, 4606550016, 55955456
250, 63610880, 4606550016, 55955456
250, 63610880, 4606550016, 55955456
250, 63610880, 4606550016, 55955456
250, 63610880, 4606550016, 56147968
250, 63610880, 4606550016, 56156160
250, 63610880, 4606550016, 56156160
250, 63610880, 4606550016, 56168448
250, 63610880, 4606550016, 56168448
250, 63610880, 4606550016, 56172544
250, 15228928, 4606550016, 26636288
250, 15810560, 4606550016, 24956928
250, 14503936, 4606550016, 24477696
250, 62558208, 4606550016, 49111040
250, 63582208, 4606550016, 50987008
250, 63586304, 4606550016, 52457472
250, 63586304, 4606550016, 53579776
250, 63586304, 4606550016, 54009856
250, 63586304, 4606550016, 54112256
250, 63586304, 4606550016, 54124544
250, 63590400, 4606550016, 54136832
250, 63590400, 4606550016, 54231040
250, 63590400, 4606550016, 54243328
250, 63598592, 4606550016, 54345728
250, 63598592, 4606550016, 54538240
250, 63598592, 4606550016, 55025664
250, 63598592, 4606550016, 55246848
250, 63598592, 4606550016, 55255040
250, 63602688, 4606550016, 56176640
250, 63602688, 4606550016, 57061376
250, 63602688, 4606550016, 57520128
250, 63602688, 4606550016, 57520128
250, 63602688, 4606550016, 57589760
250, 63602688, 4606550016, 57589760
250, 63602688, 4606550016, 57651200
250, 63602688, 4606550016, 57774080
250, 63602688, 4606550016, 57782272
250, 63602688, 4606550016, 58613760
250, 63602688, 4606550016, 58818560
250, 63602688, 4606550016, 58822656
250, 63602688, 4606550016, 59166720
250, 63602688, 4606550016, 59371520
250, 63602688, 4606550016, 59400192
250, 63602688, 4606550016, 59400192
250, 63602688, 4606550016, 59404288
250, 63602688, 4606550016, 59727872
250, 63602688, 4606550016, 59727872
250, 63602688, 4606550016, 59727872
250, 63602688, 4606550016, 59727872
250, 63602688, 4606550016, 59731968
